20 10
74 42 69 95 91 37 26 95 75 29
53 32 83 41 79 32 26 90 19 94
85 2 54 31 83 75 37 22 41 0
34 28 59 24 46 56 97 34 36 63
32 18 96 44 53 78 51 8 4 37
6 24 51 73 94 68 90 79 61 25
83 53 20 98 10 92 63 89 47 16
31 25 17 78 39 83 47 53 52 34
14 56 58 88 10 39 12 92 54 61
41 58 26 35 90 70 84 8 88 33
76 20 94 53 41 42 76 31 21 10
70 56 57 45 12 89 58 26 96 52
40 49 71 41 32 53 70 94 9 30
65 56 52 90 13 14 42 91 49 11
52 39 10 24 37 70 37 72 63 56
80 93 31 51 97 48 17 93 75 96
85 92 61 87 99 61 9 2 86 0
92 92 75 30 12 95 46 25 95 12
29 18 33 57 45 91 62 0 35 80
91 34 92 9 78 21 10 39 77 80
